74.23973846435547
82.13558959960938
69.46427917480469
95.56802368164062
93.69639587402344
81.81913757324219
95.14138793945312
86.54141998291016
86.86973571777344
69.87700653076172
73.8852310180664
61.60258483886719
74.79334259033203
58.58454513549805
86.14215087890625
65.02230072021484
70.54672241210938
82.02774047851562
66.28592681884766
94.92430114746094
64.7691421508789
69.09996795654297
90.8604965209961
53.82883071899414
52.386024475097656
60.74482727050781
81.88401794433594
97.96429443359375
79.58971405029297
62.85721206665039
54.4509162902832
85.6309814453125
94.86207580566406
95.95639038085938
79.8956298828125
66.98056030273438
73.65921783447266
51.41969680786133
71.30738830566406
61.09953689575195
57.12157440185547
95.04537963867188
62.50529479980469
61.176239013671875
60.634944915771484
85.08567810058594
61.66636657714844
99.39817810058594
57.715213775634766
96.70331573486328
66.63371276855469
93.44322967529297
83.41133117675781
64.1313705444336
83.7948226928711
54.033912658691406
59.16940689086914
72.8509521484375
80.69209289550781
